0.01	0.002	0.00691005706751	2.09129785008e-05
0.0210101010101	0.002	0.006987169591	2.16808027344e-05
0.0320202020202	0.002	0.00706803740013	2.25264053705e-05
0.0430303030303	0.002	0.0071531119809	2.34717121689e-05
0.0540404040404	0.002	0.00724299898054	2.45537245204e-05
0.0650505050505	0.002	0.00733858779496	2.58451696249e-05
0.0760606060606	0.002	0.00744140508263	2.75293601954e-05
0.0870707070707	0.002	0.00755503067974	3.03629626232e-05
0.0980808080808	0.002	0.00769139214508	5.3415503116e-05
0.109090909091	0.002	0.00780208216387	0.000102935632315
0.120101010101	0.002	0.00790331046125	0.000133129439909
0.131111111111	0.002	0.00802573998192	0.000113201007318
0.142121212121	0.002	0.00815245663818	0.000153329114835
0.153131313131	0.002	0.00828990065429	0.000166091982184
0.164141414141	0.002	0.00842922704541	0.000194783622605
0.175151515152	0.002	0.00857834723537	0.000241411647109
0.186161616162	0.002	0.00873529012106	0.000280672050064
0.197171717172	0.002	0.00890156262208	0.000376351310809
0.208181818182	0.002	0.00904601598588	0.000420342322039
0.219191919192	0.002	0.00921927705633	0.000443984880658
0.230202020202	0.002	0.00941509014686	0.00058029833861
0.241212121212	0.002	0.00954984856608	0.000621234674521
0.252222222222	0.002	0.00978127131039	0.000763804654153
0.263232323232	0.002	0.00996019415658	0.000807523968881
0.274242424242	0.002	0.0101248360933	0.000972098137579
0.285252525253	0.002	0.0103580117323	0.00112065517371
0.296262626263	0.002	0.010582487263	0.00123701344726
0.307272727273	0.002	0.0107802081464	0.00137015907361
0.318282828283	0.002	0.0109787676839	0.00153307315517
0.329292929293	0.002	0.0111877305526	0.00171986429606
0.340303030303	0.002	0.0113999945442	0.0019315697776
0.351313131313	0.002	0.0115969462692	0.00216366860426
0.362323232323	0.002	0.0117768747621	0.00238600430999
0.373333333333	0.002	0.0119912331486	0.00259826626802
0.384343434343	0.002	0.0122199379586	0.00287815445039
0.395353535354	0.002	0.0123953864495	0.00314963094514
0.406363636364	0.002	0.0126209742393	0.00344200750256
0.417373737374	0.002	0.0127983730567	0.00374845351703
0.428383838384	0.002	0.0130003545035	0.00409043746898
0.439393939394	0.002	0.0131925038205	0.004428812707
0.450404040404	0.002	0.0133664111145	0.00479346360538
0.461414141414	0.002	0.0135363661339	0.00518449708519
0.472424242424	0.002	0.0137013652882	0.00559519818165
0.483434343434	0.002	0.0138573475572	0.00602499619899
0.494444444444	0.002	0.0140025422072	0.00647510939062
0.505454545455	0.002	0.0141364991909	0.00694682565829
0.516464646465	0.002	0.01425829276	0.00744238358024
0.527474747475	0.002	0.0143639441476	0.00796355065993
0.538484848485	0.002	0.014449845428	0.00850651513592
0.549494949495	0.002	0.0145211496612	0.00907017841746
0.560505050505	0.002	0.0145736937677	0.00966342064079
0.571515151515	0.002	0.0146019032354	0.0102776914773
0.582525252525	0.002	0.0146098865174	0.0109211087649
0.593535353535	0.002	0.0145909582716	0.011586867204
0.604545454545	0.002	0.0145432426522	0.0122822251446
0.615555555556	0.002	0.0144676272534	0.0130045230846
0.626565656566	0.002	0.0143590630382	0.0137530230883
0.637575757576	0.002	0.0142140952872	0.014529540662
0.648585858586	0.002	0.0140301830237	0.0153349941616
0.659595959596	0.002	0.0138041442627	0.0161697956858
0.670606060606	0.002	0.0135320305576	0.0170343761101
0.681616161616	0.002	0.0132092899848	0.0179288484784
0.692626262626	0.002	0.0128317223619	0.0188527820649
0.703636363636	0.002	0.0123957711882	0.0198073222979
0.714646464646	0.002	0.0118939944201	0.020794903219
0.725656565657	0.002	0.0113191909088	0.0218123771073
0.736666666667	0.002	0.0106671907638	0.0228630336944
0.747676767677	0.002	0.00992626572014	0.0239448810346
0.758686868687	0.002	0.00908965158598	0.0250608748947
0.769696969697	0.002	0.00814600446513	0.0262084414474
0.780707070707	0.002	0.00708133145871	0.0273890957303
0.791717171717	0.002	0.00588171403658	0.0286034502019
0.802727272727	0.002	0.00452969721957	0.0298509663716
0.813737373737	0.002	0.00300372886616	0.0311312363779
0.824747474747	0.002	0.00127760412091	0.0324438233849
0.835757575758	0.002	-0.000681088848138	0.0337880317667
0.846767676768	0.002	-0.00291352403258	0.0351628565084
0.857777777778	0.002	-0.00547358656789	0.0365663937893
0.868787878788	0.002	-0.00843255482354	0.0379945106736
0.879797979798	0.002	-0.0118869681126	0.0394420633938
0.890808080808	0.002	-0.0159784803047	0.0409009389043
0.901818181818	0.002	-0.0209194686727	0.042352188196
0.912828282828	0.002	-0.0270611441286	0.0437576134379
0.923838383838	0.002	-0.035039582495	0.0449840672691
0.934848484848	0.002	-0.0460666048233	0.0454823746832
0.945858585859	0.002	-0.0620429492996	0.0431597544254
0.956868686869	0.002	-0.0837942764407	0.0322742408579
0.967878787879	0.002	-0.10508384601	0.00389501055215
0.978888888889	0.002	-0.107796154319	-0.0435224720654
0.989898989899	0.002	-0.0750960518979	-0.0894815477135
1.00090909091	0.002	-0.0182890377592	-0.102476193846
1.01191919192	0.002	0.0267804407236	-0.0768558578166
1.02292929293	0.002	0.0398909564702	-0.039488208562
1.03393939394	0.002	0.0319204619231	-0.0145971995863
1.04494949495	0.002	0.0205795889401	-0.00442112926855
1.05595959596	0.002	0.0128680213252	-0.00147841246935
1.06696969697	0.002	0.00842201075382	-0.000708481877834
1.07797979798	0.002	0.00576306093016	-0.000441829444091
1.08898989899	0.002	0.00404107814868	-0.000307398453139
1.1	0.002	0.00285861752137	-0.000225616051953
