0.8	0.002	0.00496002183621	0.0295403643438
0.810344827586	0.002	0.00359013540915	0.0307348339894
0.820689655172	0.002	0.00205420528364	0.0319584795573
0.831034482759	0.002	0.000329880332484	0.0332113342707
0.841379310345	0.002	-0.0016117143377	0.0344918957787
0.851724137931	0.002	-0.00380718645825	0.0357989433602
0.862068965517	0.002	-0.00630265586713	0.0371309311937
0.872413793103	0.002	-0.00915781391527	0.0384853001314
0.88275862069	0.002	-0.0124520732755	0.0398579516718
0.893103448276	0.002	-0.0162940984362	0.04124238756
0.903448275862	0.002	-0.0208377493931	0.042628235441
0.913793103448	0.002	-0.0263108775475	0.0439982569554
0.924137931034	0.002	-0.0330699457593	0.0453204597302
0.934482758621	0.002	-0.041710774826	0.0465302920475
0.944827586207	0.002	-0.0533346110326	0.0474848338797
0.955172413793	0.002	-0.0703114186103	0.0477774589749
0.965517241379	0.002	-0.0992307543935	0.0454199700216
0.975862068966	0.002	-0.158612458253	0.0198208646457
0.986206896552	0.002	-0.201094248262	-0.120552571941
0.996551724138	0.002	-0.0130137294152	-0.238543816161
1.00689655172	0.002	0.109481182115	-0.092740777599
1.01724137931	0.002	0.0619546033045	-0.0137858277781
1.0275862069	0.002	0.0321725129638	-0.00368922366302
1.03793103448	0.002	0.0196839072507	-0.00179401090164
1.04827586207	0.002	0.0130838691319	-0.00105487776252
1.05862068966	0.002	0.00909861919846	-0.00068477627133
1.06896551724	0.002	0.00649869232297	-0.000474061502806
1.07931034483	0.002	0.0047133685574	-0.00034362951409
1.08965517241	0.002	0.00344211363895	-0.000257916802339
1.1	0.002	0.00251243530198	-0.000198984339569
